# L2 inh -- 218 cells
# derived from H01_IDS.xlsx (sha256[:12] f76a249f9624), sheet Sheet1,
# row LAYER=L2 TYPE=INH, on 2026-09-21. 218 listed, 218 after
# removing 0 within-row repeat(s). Sorted ascending.
# Consumed by: build_p1_manifest.py --ids-file
489469961
606394351
664433854
779943347
853035674
910562342
925778090
1275968412
1539076840
1594516916
1625033403
1639445204
1653622666
1801310916
2003855860
2032649032
2076773952
2134549398
2193640983
2280750059
2499107339
2499633228
2557789796
2616018803
2776001292
2892721051
2907351442
2951316109
2995016735
3125564306
3388906762
3432565308
3461649337
3504577656
3809985083
3839697992
3897678996
3941569746
4217863883
4261754939
4465951132
4580553370
4626532464
4698865343
4961186471
5310837342
5456437801
5583818408
5864068328
12237931142
20070214646
27622860459
27782390555
27870683066
28000894735
28378958224
28409678489
28424891816
28525770719
28643309290
28802547903
28905543213
28918216929
28962954667
29238417446
29342973796
29474384209
29618159554
29765396306
29868144220
29925423252
29938695074
29969547791
30158791258
30376944711
30406000355
30871567933
31061717348
36183353580
36400937383
36445761568
36459706341
36590837294
36604752843
36664105221
36678107375
36692722929
36721867114
36752455875
36809034946
36822073774
36822262086
36866678630
36926573243
36955278084
36984671110
37013813382
37029363761
37116575671
37144186057
37173591638
37259242260
37289305234
37318668413
37320537760
37348323141
37406317762
37463700916
37466284408
37581252436
37581618185
37685007129
37726722197
37727291458
37770758892
37771328156
37786221088
37830068138
37915148525
37975202749
38005090634
38005427117
38033592160
38092682277
38179018156
38208029710
38222309348
38266826606
38282421625
38339219897
38353470970
38382978593
38383402139
38413115427
38454393055
38470585357
38543488421
38558497421
38573083867
38689483755
38704113823
38717924646
38747362188
38776359040
38806189437
38820862936
38863556782
38893020635
38980847175
38993797299
39038491013
39052800624
39126637642
39140727216
39185041596
39199218185
39271712983
39271916939
39286737082
39315852261
39505037109
39548533676
39606893296
39607375200
39635774503
39694250521
39694309515
39839896686
39926872806
40043667040
40102203154
40218295182
40218295373
40247497000
40305462872
40364028336
40378483178
40393289311
40407875435
40464862282
40596987501
40756824051
40902761567
40976145575
41179100049
41353932293
41354296446
45251771103
45995575207
46228490320
46359242304
46373668380
46506273902
46634952610
46695400625
46899756812
47102492656
47249012870
47758763485
47759069686
48079386659
49142192943
49142382663
49229520464
49317098592
49331640536
49623004101
50438192372
50495457121
57367593058
57658693708
58182649839
58560947015
58634069171
59303685874
63479630324
64600957595
71965570864
