# L3 exc -- 537 cells
# derived from H01_IDS.xlsx (sha256[:12] f76a249f9624), sheet Sheet1,
# row LAYER=L3 TYPE=EXC, on 2026-09-21. 537 listed, 537 after
# removing 0 within-row repeat(s). Sorted ascending.
# Consumed by: build_p1_manifest.py --ids-file
1302789404
1317492596
1333261412
1376890291
1462714078
1463356030
1478791209
1550305371
1551546406
1552920293
1608403259
1666938719
1697425189
1724495114
1726190155
1768108485
1797266386
1797894841
1827039429
1885486034
1885762997
1914497807
1930485830
1971631983
2016281301
2030444441
2030825189
2045045328
2061004193
2088089696
2089841238
2089944614
2105026194
2118546706
2132884905
2133731762
2161269473
2177535308
2204444994
2233383600
2265184554
2278457437
2291524761
2321179412
2322480112
2323690826
2324026603
2351622489
2379905428
2381335851
2410070279
2423182680
2438104229
2439374821
2440250629
2453932172
2454238950
2455319070
2467393805
2468824745
2496552424
2496771332
2527637946
2541917901
2555716306
2555730083
2570725085
2570726190
2583531238
2586508936
2613841861
2641525789
2642416816
2657820047
2658696119
2670508463
2700951751
2702674358
2715129081
2730650309
2731073491
2731438310
2731861949
2744112351
2745207031
2745207275
2762145944
2774817862
2789944495
2802166568
2803815532
2818679548
2833193133
2847633401
2848626486
2860453378
2860978357
2861198181
2862686784
2876280588
2877711731
2891786548
2905073853
2918609048
2918959562
2919572550
2933298119
2934086754
2934114860
2948000722
2949986123
2964441917
2965552002
2978195950
2978327839
2979568426
3005791584
3006244044
3007515155
3008098100
3035665442
3037972980
3066516955
3067451371
3081059779
3095222730
3095587680
3107998480
3110173938
3110363677
3137448303
3139347622
3152123156
3167732034
3168008178
3168782466
3168855453
3196086297
3196817035
3197575615
3210337535
3211928007
3226179062
3227522106
3240225031
3253760360
3255528039
3256169489
3268798886
3269499745
3282830892
3297460657
3312938490
3313697526
3314164260
3314267747
3315625638
3327363745
3329117097
3341614100
3355982557
3372232382
3372334881
3372962417
3384790279
3387607640
3400048815
3400748556
3401448981
3415291051
3442814567
3443719971
3443763287
3445340739
3445514816
3460743660
3473739649
3489070608
3530638666
3531616898
3547239980
3561213164
3575348168
3589788257
3603250521
3604258024
3617865003
3619704725
3620259556
3633123064
3663668926
3692039324
3706288942
3720466294
3721006522
3721708284
3722904688
3734089040
3736586496
3751741567
3765700625
3793370033
3794669429
3808378864
3808817177
3808831503
3809561528
3823768399
3838092907
3840413705
3852605295
3852838887
3853262965
3868361167
3881573896
3882173260
3910689017
3911301310
3911695658
3925829338
3939175098
3968566431
3997169800
4027145878
4027364644
4028123903
4029103359
4040505597
4070380025
4085111915
4085710235
4086426770
4099435206
4099581193
4100559981
4100617990
4113014942
4128345172
4128856200
4130170340
4144362453
4159197067
4171550766
4173492899
4187114186
4203087677
4203702106
4216506035
4216857765
4217163211
4217309053
4217352864
4230918039
4231691058
4260148919
4303251754
4303644766
4304142439
4304827472
4306756083
4319925653
4362238572
4362457594
4375671689
4376022029
4377103473
4377350679
4390477769
4405969439
4406961722
4420467705
4420817873
4436207295
4450384804
4464956788
4479090466
4479995708
4494188203
4506657063
4508204983
4522588313
4537786412
4580845114
4581167167
4582188328
4595170154
4595679400
4595781587
4596292618
4608398049
4610996380
4652900695
4667925540
4681607296
4683431368
4683651279
4696938362
4712094105
4726154232
4783594483
4798545962
4798926195
4814432342
4872777601
4873639924
4886488859
4900971670
4901687166
4915106384
4915456385
4929692032
4930830982
4944980358
4959711924
4959974563
4960339960
4974108286
4974268764
4975175085
4988534370
4989265371
4989293485
5032293103
5032600961
5046909109
5061102176
5061204427
5075775279
5076636509
5090959891
5105108386
5105414903
5120351985
5148852879
5163745862
5163833508
5164710664
5177310210
5177938053
5178318516
5178478472
5220588924
5221639057
5265223858
5265383620
5279765425
5279940654
5309041839
5309260096
5310632320
5324006443
5339936130
5353501752
5366918795
5382265365
5383125923
5394895507
5397202146
5397873426
5412371699
5438945541
5440259647
5469111238
5484764517
5513280716
5527194151
5527633035
5543109055
5556791349
5557680952
5599921555
5614115060
5614990104
5615048210
5615340223
5629152760
5629504348
5644250971
5689193184
5703880907
5731082546
5775264967
5805503738
5819127441
5834136489
5863280863
5891255730
5907390019
5964714047
5978950033
6007493855
6007888095
6008852403
6036535416
6052435998
6095451259
6125455355
6153635302
6226071153
6240642688
6256471634
6371861808
6444779254
6445509418
6518588360
6720957311
15543554616
15572259684
22357271567
22677544455
22748256410
23098476095
27637724217
27899606838
28015831191
28160629777
28247768259
28248075578
28262617626
28291834258
28335038447
28349537701
28364050873
28409167776
28422790604
28467002249
28510265455
28511141505
28524588725
28538956132
28539905231
28539934192
28553571756
28567545177
28567646864
28597871115
28599228248
28612121565
28612296553
28641615488
28654757106
28655414028
28684849197
28685987945
28742230885
28756934490
28758438545
28786676434
28815396961
28829224015
28829268388
28829341229
28872968830
28873524291
28889745115
28889759781
28961859500
29033214100
29049772226
29064912683
29137961146
29179385271
29208893764
29209140813
29283504007
29326767871
29456512180
29501001022
29590052356
29674739276
29763088198
29822953036
29861996656
29951851152
30083435225
30390099559
30506878514
30651369327
30886665030
30913983611
30944193140
31265122414
31266555120
31352655663
31423325105
31570589846
31716688373
31716819092
31775209799
31934564862
32007086968
32080764142
32152308969
32255275020
32312963249
32328105097
32371499924
32371616574
32415273104
32415842693
32415857727
32430005210
32516852996
32517012434
32517758373
32559880603
32619030591
32662906896
32676470330
32719879661
32721194382
32734961242
32765317248
32822349181
32953611439
33012614838
33026120285
33041495648
33042285281
33069631534
33231382705
33332099975
33360980299
33564766935
33695781023
36938049643
36952533816
36981311820
37916374620
39984708454
40231494361
41164337515
41207002060
41280517911
41513650829
41616164590
41703843651
