# L3 inh -- 336 cells
# derived from H01_IDS.xlsx (sha256[:12] f76a249f9624), sheet Sheet1,
# row LAYER=L3 TYPE=INH, on 2026-09-21. 336 listed, 336 after
# removing 0 within-row repeat(s). Sorted ascending.
# Consumed by: build_p1_manifest.py --ids-file
1245656455
1303622676
1363047491
1622872185
1886245145
1913987170
1929829102
1958302278
1987226332
2103201142
2117904275
2148727549
2191348298
2221031389
2234084462
2350104458
2365450127
2366034130
2366705935
2425417073
2453275833
2543290479
2599314126
2600102400
2630006064
2715918060
2774950343
2789054730
2817789030
2833061563
2846816391
2876572760
2877273095
2904563596
3094083604
3154560986
3166899595
3167424791
3195415614
3196130960
3225244673
3225419966
3253571045
3269996195
3342418331
3343498390
3430550192
3458613090
3473782906
3474951182
3517820276
3532289958
3591175200
3603424649
3604403611
3605148604
3677496614
3736382282
3765541021
3822645346
3867863780
3880639190
3881136606
3911682387
3925465493
3955456301
3982671918
3999724967
4012647790
4041440950
4056318880
4056640962
4159329415
4172645579
4188034418
4215425775
4230435380
4245985431
4305500206
4478843153
4522981658
4566069089
4667487856
4697653006
4711641825
4740858369
4741705337
4756393246
4799962243
4827674977
4829033014
4857781921
4858659202
4930116577
4974576452
5046574226
5076227483
5148035380
5148853910
5163731998
5193153005
5233481601
5266158555
5295125751
5338330021
5454423904
5469125788
5469419033
5497204358
5512666172
5541416171
5570427540
5585146225
5615515419
5643651617
5644629828
5657698005
5687893999
5688024003
5688025278
5746297424
6007990607
6053019803
6124520864
6255244644
6270619111
6357377650
11960950639
12438505320
15601388995
21247886827
22964993750
28189525199
28481471949
28496116669
28655179915
28655808067
28715102649
28758131983
28772090232
29122456030
29122995072
29181604125
29194467510
29194760180
29196628961
29253806470
29325584741
29340930054
29341134725
29353677252
29443356096
29472937020
29821741545
29835729637
29908427052
29979913969
30085172559
30187190117
30258033438
30505286734
30624168888
30885219112
30973073563
31044911156
31075514820
31103708188
31336871736
31483027993
31498023149
31584023486
32051198094
32123034008
32137312910
32225138900
32268868824
32328252174
32370477909
32371528772
32444357870
32472012332
32588893331
32807821099
32852179423
32880023017
32910291701
36647314285
37011608472
37113947425
37214475658
37215599765
37259183281
37301934979
37347927749
37390447215
37404419456
37405544663
37449055700
37477556144
37550516989
37595780377
37610133707
37622192815
37694542299
37739687559
37813407383
37869286154
37871520452
37958469088
38031109502
38031153380
38032978101
38044849182
38105107645
38105500973
38134542422
38219053382
38220587182
38322428970
38335992327
38351382073
38366640577
38411246243
38423146408
38496691508
38498268698
38528200714
38585202945
38686431284
38702215844
38717078031
38731242436
38759027551
38804992102
38891006158
38892042357
38920688546
38935101659
38949161681
38992234739
39023028469
39079738879
39095581060
39095771052
39110429740
39154670818
39167534195
39211657563
39241459660
39241911972
39299469711
39344002595
39357639147
39400522283
39416130946
39428921609
39430775601
39518586128
39533216278
39632927158
39678818142
39707538205
39708091717
39721657427
39837675924
39837939220
39910302060
39969026856
39998331716
40070854162
40115430181
40158314650
40288598398
40318764446
40361384837
40377782563
40391711479
40494895389
40508532675
40523880283
40537808153
40551578174
40581992226
40594476088
40624976657
40639841358
40654880332
40770080464
40799620193
40871090360
41032797807
41032827363
41076366419
41091698029
41177187137
41193423295
41324729508
41352223142
41440369640
41485136844
41615026140
41644462221
41716576036
41730695552
41745516524
41760553872
41803496189
41877319818
41877976612
41891044579
41935124889
41950557775
41995120012
42036660417
42052676522
42256916348
46387991169
46970279369
47024624888
47407447880
49300482338
50000030587
50277873388
50743820958
54726607159
55092333748
55355122544
57001647955
59390707532
59609533118
59929221936
64963763185
68197008348
68678286836
77529222559
77689307856
