# L4 exc -- 931 cells
# derived from H01_IDS.xlsx (sha256[:12] f76a249f9624), sheet Sheet1,
# row LAYER=L4 TYPE=EXC, on 2026-09-21. 959 listed, 931 after
# removing 28 within-row repeat(s). Sorted ascending.
# Consumed by: build_p1_manifest.py --ids-file
1709544934
1840574597
1840864894
2015653895
2044622200
2044652219
2060041252
2205058653
2220156674
2291876765
2350454954
2350455202
2364107774
2393893049
2394010565
2438061531
2451509120
2466342652
2480491365
2480505518
2482053590
2523943492
2539143454
2552926828
2553773729
2554708054
2626033904
2639993074
2641992579
2642474626
2669822078
2671063546
2671137240
2684408474
2684643428
2686628198
2714457550
2728664541
2729905212
2756524637
2757428565
2759065023
2772934590
2786513684
2801216946
2815817976
2831222083
2846231358
2859270038
2860862776
2874237401
2889611423
2917674068
2918871641
2946671765
2947314487
2962528688
3003965963
3004476990
3004491586
3018991226
3019166656
3019458224
3020158457
3034439594
3049214906
3064152198
3076753172
3121431033
3121766842
3136485592
3136762252
3137405339
3150385067
3150677011
3165571405
3167000981
3179266933
3192961291
3195736904
3210497435
3211125830
3237685115
3251920568
3252272033
3252534822
3253731173
3267456408
3269164160
3281326868
3282845962
3296512283
3297417998
3311273605
3324925449
3325158764
3325304783
3339687177
3341045744
3341132575
3342841717
3355689790
3383388191
3383650383
3384512050
3385125554
3399332888
3399449626
3399667956
3412298793
3425979752
3427263564
3442230025
3442245537
3443368491
3469913054
3484996936
3499641299
3513774472
3532288578
3543064091
3544568540
3558468776
3572325387
3572339898
3573478465
3573813783
3574034001
3586634654
3586721842
3617193904
3618026379
3630378073
3645345359
3645899024
3646264951
3647140087
3661346815
3690081781
3690285998
3690709666
3690739823
3704552415
3704683200
3704771139
3706478511
3718276923
3719255305
3720320313
3720393208
3720480838
3733578438
3733594028
3733681336
3733739465
3734337230
3747127652
3747303899
3747405170
3748121982
3748837175
3749127977
3749216816
3749625245
3762342314
3763175115
3763656013
3764240016
3776242372
3776666669
3776681321
3778505461
3779892740
3790464726
3791238349
3805999426
3820980067
3849642486
3850386573
3850896960
3850956020
3864800287
3878434784
3892993362
3907840855
3907899917
3908790047
3922807421
3936882782
3937700015
3938474576
3941219839
3952987403
3967005302
3981460490
3995127189
3995374513
3996118645
3996425322
3998878408
4009654646
4010150634
4010485889
4024459359
4025525839
4038900576
4038915321
4039951236
4040200115
4054157516
4055135969
4068072813
4069197046
4069956204
4081477416
4083404518
4083637003
4083900716
4096938971
4098442917
4111379135
4112343499
4113029694
4113189502
4113656620
4127236696
4141895092
4155445174
4199963421
4213819830
4214184684
4215178291
4215410926
4227559344
4228800741
4242278463
4244262574
4257753999
4258586277
4258892814
4272618275
4287876457
4301485121
4301601236
4302199616
4315764606
4316450235
4330715383
4330964264
4344383017
4345755033
4346308897
4359523070
4360223781
4360224648
4360939116
4374709076
4375014449
4376869265
4389849378
4403603298
4404218019
4418014989
4418729898
4420087741
4432397673
4432690208
4433696369
4447640900
4462621508
4476274001
4476579411
4504949777
4519448051
4519901676
4522237537
4534165408
4534968408
4535129012
4535304934
4549380794
4549599837
4549759569
4549846971
4562754293
4564521039
4577632758
4592671898
4593358891
4593387207
4593430996
4609683146
4621115652
4621626511
4626036197
4636445908
4639395307
4669328082
4680117617
4681693850
4683826956
4684148088
4710165798
4723234964
4724124402
4725731392
4739046597
4740347031
4753822824
4754713938
4756584479
4767928596
4768833672
4768964905
4769650470
4782426301
4784806714
4796691510
4798954957
4811965453
4825938429
4826127145
4841896928
4843035023
4855081769
4884386149
4899745547
4899818199
4899878102
4915733624
4916229733
4928699275
4928860283
4929590518
4942439940
4942628588
4943636247
4956776980
4958397426
4974122878
4986812415
5002711805
5003062135
5015312122
5029724676
5030088328
5032046272
5044602563
5058896403
5058999466
5059670131
5061656575
5073381104
5104291838
5117928533
5131463788
5133843018
5147072947
5148182521
5161687139
5163278924
5204906332
5219960431
5234969589
5234985644
5263149477
5263952660
5277518255
5277547195
5279926053
5292132597
5292278486
5293286102
5293665570
5306865361
5307815359
5308355090
5321189235
5322387162
5335454775
5352479143
5352961465
5365766809
5380702139
5381884884
5409232550
5409933355
5437997101
5469593462
5481538337
5482120683
5482311025
5483041106
5512185431
5527223170
5527239006
5528421131
5555228806
5596740409
5601060519
5612756190
5629416191
5642410660
5642439974
5655976020
5671379404
5671496742
5714964081
5731375684
5745551916
5802116626
5803095595
5803985675
5831742130
5832458363
5832867018
5845788081
5846518037
5846781413
5847554835
5860608332
5862156834
5875647667
5918851205
5977927757
5978175313
5990908440
6005318323
6006005709
6006077742
6007333524
6007363069
6065781081
6093743305
6095158590
6137574188
6139225187
6152277385
6152584397
6166411150
6166484330
6167301963
6181026747
6181844749
6195978360
6196607379
6209178670
6224610743
6240117734
6253695915
6254076701
6254893408
6269859220
6297295648
6326978391
6327241569
6356911531
6370870254
6371381482
6385104918
6385250935
6413635282
6428659726
6428718130
6430018598
6443100101
6443465301
6443480371
6472185347
6472360642
6487881367
6500949268
6516485487
6560170982
6574144087
6575211001
6575488377
6618401330
6647339374
6647353792
6662554595
6677125078
6706167617
6719687060
6749561712
6779127816
6806927883
6806928290
6820668036
6822245369
6908931346
12831199228
12874885410
13880587619
14157816356
14318734574
14332750902
15321443610
22003532167
22469874162
23243083986
24670098772
24713667273
24728107855
24815334989
28902141929
28931080621
28960604017
29135100819
29164462630
29179253990
29193212675
29193256115
29194205458
29208265962
29223100509
29251426700
29265984006
29294543266
29309509796
29324168928
29324271012
29324563141
29325423864
29325715795
29338346668
29352451075
29353809137
29368030158
29382002690
29396677816
29411132698
29440071377
29441268736
29454877383
29470587607
29498417196
29498826197
29513514798
29527633990
29528218006
29541767781
29541913193
29556470767
29585585515
29586534308
29586621515
29600069532
29600186265
29600288099
29629402820
29643067321
29645259501
29658590681
29659159743
29659232826
29672577826
29674286201
29674461147
29688303465
29702028404
29702247439
29716074259
29716629382
29716965055
29717067370
29717476066
29717476243
29719037008
29730558578
29745276543
29745743756
29759790213
29759862634
29775413068
29775734218
29790933803
29803344255
29804133208
29804381448
29818778082
29820077191
29847863137
29862887469
29863689691
29877298634
29891987351
29893213128
29919933680
29922562008
29935804245
29936067276
29949909149
29963444554
29994573904
30008794370
30022096841
30022665761
30037603287
30053283750
30066979957
30081682986
30095130713
30124333029
30125544494
30125748692
30155461702
30182897605
30183160057
30197367225
30211572008
30212682756
30242937119
30257770836
30258778473
30285396563
30313677840
30314773371
30328264978
30372987746
30446313392
30447043575
30460783204
30475136002
30488947824
30490292002
30533876037
30547425090
30548271920
30560844379
30576190003
30592556564
30605740749
30619905483
30620533370
30621102246
30663926899
30694034113
30694602801
30707905226
30709189328
30795992510
30809586509
30810068715
30810711086
30824625880
30912172566
30912786611
30926234328
30956662070
30956735082
30970547846
30971378977
30984375683
30999311486
31000669476
31029156755
31030163516
31043406757
31072608612
31102686448
31160096985
31189796131
31232869174
31232942478
31305362967
31320635888
31349210403
31407277365
31407439031
31453635917
31552951017
31553666805
31568415447
31597324151
31599573496
31611955425
31612378883
31640763214
31641068883
31656603981
31670096295
31684521820
31685412108
31699954996
31714205840
31728149996
31728719469
31744210038
31758037617
31800965559
31815361170
31816572984
31859311009
31859471617
31888411203
31888803808
31889708867
31917189424
31932067838
31947879672
31961517731
31976089622
31989887657
32006152227
32033938693
32093028576
32093042991
32093263254
32107687553
32107731363
32137532273
32180985552
32194783264
32209909235
32223270079
32267890980
32281760788
32296275278
32326396294
32341611125
32355072501
32369265719
32370068278
32384187130
32398204086
32442780745
32442985566
32443424006
32470785503
32486525355
32499667214
32500090681
32500469663
32500965631
32501155380
32544126565
32544593788
32559588844
32587768052
32587811533
32588279703
32603640015
32630943701
32632360810
32645735288
32646523522
32661782309
32690151972
32703803000
32719908788
32720141318
32733048178
32777450728
32777596102
32778195552
32850237009
32851448972
32864880910
32865290038
32865903423
32907794066
32908508799
32924454183
32937317308
32952093363
32965482733
32966708282
33024485529
33038969637
33039042298
33111244340
33112981706
33113040336
33127655987
33141686655
33156186133
33169807889
33184336456
33199521538
33199696740
33199725541
33229410802
33271227475
33273330286
33287770469
33330390625
33360191056
33373360523
33374105971
33402797063
33403731716
33432334960
33433182098
33433678986
33461259553
33491411144
33504726143
33505252195
33577993587
33622572248
33694758985
33723829341
37461422118
37534369217
37577909397
37621637652
37650418052
37681531750
37737848789
37752114321
37766349132
37766715248
37781243320
37810240146
37854627838
37868044523
37868732169
37926873052
37941765476
37970077912
37970413607
37984999689
37985014373
37999205988
37999250214
38013573669
38045418922
38056996397
38057421028
38057595862
38086899346
38115706117
38145100006
38159671587
38173454236
38188288499
38262520974
38333613220
38333934315
38348359066
38377736736
38379299802
38420619770
38422022125
38452216258
38479009703
38493611381
38508312415
38508999957
38509628307
38510299345
38525148889
38551620554
38566162830
38568951562
38640744562
38640977695
38741039523
38772897549
38829083194
38919974883
38934209075
38977662614
39002980889
39019100549
39019217773
39048841493
39121658564
39195787125
39270092673
39326480920
39442836198
39443272979
39735469236
39750872497
39836537081
40026642835
40041258147
40085250480
40259221412
40288423872
40302893072
40390980955
40463386818
40463664852
40477798546
40549898290
40608507128
40609850906
40726351515
40782770461
41032447215
41045851193
41161212885
41220055040
41294316067
41496554507
41511885408
41671751588
41685783636
41773709803
41831779232
41890431442
41890912435
41919296693
41919500673
41920786707
41976722616
42022876868
42050281641
42094523704
42094523835
42123082862
42137465063
42137844926
42151730102
42182275356
42210368020
42254375160
42254447699
42298018087
42429777512
42545664246
46749015215
50843676262
51426402678
56631527779
56997530540
78152422514
78283933185
