# L4 inh -- 241 cells
# derived from H01_IDS.xlsx (sha256[:12] f76a249f9624), sheet Sheet1,
# row LAYER=L4 TYPE=INH, on 2026-09-21. 241 listed, 241 after
# removing 0 within-row repeat(s). Sorted ascending.
# Consumed by: build_p1_manifest.py --ids-file
1942912164
2320800330
2524733508
2785477516
2829893077
2844875054
2889815798
2931824122
2946701372
3047622968
3077979892
3092857158
3137186830
3210702706
3283268629
3297578604
3311726536
3339351871
3371182357
3384409625
3456436786
3458174974
3530406006
3531238060
3618362079
3646878425
3690068113
3747289082
3747917106
3778535716
3806481724
3849393098
3908950544
3923143521
3968173214
4039367300
4040038556
4054464091
4126740229
4156555531
4157110007
4200664550
4215878516
4229267475
4259156651
4272486557
4288343991
4302229447
4462139689
4476593602
4536092934
4549102339
4593533358
4606747668
4606938007
4679722918
4724884080
4739718712
4754042804
4756145379
4797027763
4842539836
4856147748
4856468338
4885042202
4914420636
4957594843
5059583604
5060473867
5089544872
5103693305
5177267753
5233904289
5351879773
5365590525
5365634336
5378381801
5424374853
5467359689
5482150066
5555608806
5583802079
5629314180
5715853501
5730805815
5760811276
5787618328
5802715539
5817068077
5847145782
5861951770
5875077481
5904908399
5949192875
5962173958
5976452832
6020198033
6064058625
6124098167
6195526927
6209878331
6240570427
6414906635
6442926087
6458374310
6487940463
6618444171
6720330082
6821339176
15804050382
22702453372
29090845072
29265881760
29397334271
29440524730
29483991673
29513194024
29585541327
29717403042
29759673107
29777265958
29788392697
29788889666
29905756020
29950799572
29950829210
30038070366
30082208643
30226437859
30533116499
30650508671
30679637536
30693173072
30722695523
30752131707
30795175676
30913165739
31174509598
31379200705
31393626802
31568196104
31598039736
31612173455
31655553150
31771821600
31830502643
31860288747
32020271757
32252208868
32413185358
32515011671
32908435775
33141600007
33199696751
33300998143
33388166254
33402592211
33724063165
37738008459
37796062783
37882747944
37970455579
37972486059
37985028964
37999483924
38262403487
38275778319
38277822252
38363865749
38378160387
38391739827
38509102582
38582866391
38625281646
38626304227
38639738160
38655623545
38699747664
38831141834
38887910782
38889779157
38901942588
39034723859
39049938455
39136361547
39370401008
39441406495
39458021843
39705814947
39763269453
39793187660
39835734164
39851415800
39864893674
40025810252
40244592286
40301462279
40404502148
40420797460
40476878807
40535618527
40579888670
40652631508
40738776739
40754328355
40797312602
40813710029
40856052192
40915157116
40928370492
40957748562
40958245296
40986672885
41001580897
41089376146
41235546648
41337155638
41438150312
42022219787
42080170991
42124879907
42138312710
42269618731
42327044553
42385434388
42385784745
42559959115
42560323885
47171392510
47419858875
47913781368
48162698860
50799931696
50901583502
51353192907
60028814582
73154572654
73357337242
73357964582
82821369997
84308088366
