# L5 inh -- 145 cells
# derived from H01_IDS.xlsx (sha256[:12] f76a249f9624), sheet Sheet1,
# row LAYER=L5 TYPE=INH, on 2026-09-21. 145 listed, 145 after
# removing 0 within-row repeat(s). Sorted ascending.
# Consumed by: build_p1_manifest.py --ids-file
3164811311
3617981810
3629779548
3950798141
3978874739
4023232728
4052829299
4152525502
4183551558
4343419233
4374533701
4387746637
4416569061
4474929225
4532355153
4590817632
4662785553
4677708339
4794515772
4854745285
4868514585
4869287534
4881187520
4969581784
4983175327
4985132049
5027752909
5043316825
5043653022
5057874043
5057903946
5101092969
5116555602
5173836798
5201898299
5245891128
5290964635
5350084055
5422374604
5434770494
5641169477
5656121357
5728192530
5771543140
5857396785
5887343270
5901709980
5945513812
5960391297
6035981783
6048143049
6063518489
6107131430
6134466306
6165551025
6251856225
6294316445
6440939219
6457019088
6471618368
6590264481
6600980735
6602864635
6644623737
6747400414
6762936358
6819719006
6878633373
6879101098
14286466119
15144698467
21550419710
22029770673
29832078686
29978060301
30007013792
30167055512
30531204622
30589578602
30633716532
30647820992
30777742131
30981395989
31012584830
31156228689
31158302558
31244738917
31245937420
31521969610
31595441885
31785605046
31871823770
32031733221
32047415369
32104651608
32338325535
32542740227
32556523140
32600968913
32673476510
32849200390
33196995705
33213261436
33226168743
33402358826
33416390844
33473816313
33663395608
33721829307
38392702117
38434811342
38901329525
38988629392
39004514726
39062393323
39074949262
39135236280
39135631555
39513373893
39630021132
39643935658
39645089974
39660026268
39760450951
39965727107
40430038727
40692900589
40780243575
40957396927
41539335959
41902636649
41918304429
42137172902
42253105074
42265939633
42385273840
42442946131
42470470714
42529034364
42936299434
48129364556
48846288769
50315048537
51744295762
60536316500
