# L6 exc -- 145 cells
# derived from H01_IDS.xlsx (sha256[:12] f76a249f9624), sheet Sheet1,
# row LAYER=L6 TYPE=EXC, on 2026-09-21. 145 listed, 145 after
# removing 0 within-row repeat(s). Sorted ascending.
# Consumed by: build_p1_manifest.py --ids-file
3498487692
3774285518
3860972627
3934531728
4094560299
4155431871
4167593896
4181682668
4255154834
4355741801
4386563997
4386870830
4415810884
4460415817
4516104405
4530589639
4547160238
4619596261
4632590745
4706443111
4706559981
4707581686
4735016796
4748245530
4808913797
4896942875
4982679531
5026497483
5040528028
5057043146
5113650166
5142283505
5159133234
5172360932
5172623275
5200482429
5214106049
5216105078
5262362261
5273122529
5287898185
5378848974
5390777283
5391740627
5406867213
5435004302
5436902566
5450320943
5450992548
5462220303
5463490638
5507891444
5522259030
5553812751
5564017687
5566048331
5581394012
5623896693
5654281423
5696317590
5709925486
5711444322
5754239725
5768490087
5813417941
5842736181
5859324212
5870930712
5899623213
5959209063
5986498025
6001025641
6030812053
6032857009
6033163501
6061941185
6074542279
6105802392
6106050865
6146962623
6190211117
6191481068
6206360170
6237299270
6238937868
6249972672
6265727162
6266150569
6351305306
6380886461
6381513086
6394814864
6397136171
6410715337
6414336284
6439772042
6526033781
6644361070
6687404315
6717147653
6729981313
6732215708
6774941443
6776164077
6830933464
6904345674
6934131750
6977569703
7285402573
29716775510
30021410414
30326455143
30864733844
31169692626
31184264488
31184292736
31286498015
31315731476
31402987106
31432028906
31504318800
31520727655
31607093858
31663935446
31708920904
31854668104
32436474574
32656218839
32732918048
33268365085
33326462360
33401861685
33417500026
33429005975
33430669520
33662782601
33675951691
33734064742
33896018983
33925571358
33953035801
34099002048
34259627862
39205833204
39307601968
